<?xml version="1.0" encoding="UTF-8"?>
<!DOCTYPE svg PUBLIC "-//W3C//DTD SVG 1.1//EN" "http://www.w3.org/Graphics/SVG/1.1/DTD/svg11.dtd">
<!-- Creator: CorelDRAW 2020 (64-Bit) -->
<svg xmlns="http://www.w3.org/2000/svg" xml:space="preserve" width="1021px" height="296px" version="1.1" style="shape-rendering:geometricPrecision; text-rendering:geometricPrecision; image-rendering:optimizeQuality; fill-rule:evenodd; clip-rule:evenodd"
viewBox="0 0 1021 296.05"
 xmlns:xlink="http://www.w3.org/1999/xlink"
 xmlns:xodm="http://www.corel.com/coreldraw/odm/2003">
 <defs>
  <style type="text/css">
   <![CDATA[
    .fil0 {fill:#456BA5}
    .fil1 {fill:#565656;fill-rule:nonzero}
    .fil2 {fill:#737476;fill-rule:nonzero}
   ]]>
  </style>
 </defs>
 <g id="Layer_x0020_1">
  <metadata id="CorelCorpID_0Corel-Layer"/>
  <path class="fil0" d="M7.89 238.04l65.45 -0.07 -0.06 -150.78 -65.47 -27.51 0.08 178.36zm648.24 -77.34l-0.06 -76.7c28.15,-0.35 86.87,-1.33 86.99,38.01 0.11,39.27 -51.98,39.14 -86.93,38.69zm-196.94 -33.82l0.28 58.37 48 -0.08 0.27 -58.51 70.76 -66.72 -49.44 -0.07 -45.78 38.51 -41.41 -38.44 -53.31 -0.06 70.63 67zm228.69 -67.22c-11.05,0.01 -76.38,-0.5 -80.18,0.19l-0.21 125.34c3.47,0.88 57.37,0.27 69.68,0.27l10.03 -0.54c8.03,0.95 28.72,-1.86 36.86,-3.48 28.11,-5.59 65.33,-20.29 68.68,-53.37 2.67,-26.33 -13.75,-41.56 -29.83,-50.87 -8.85,-5.12 -18.59,-8.62 -29.07,-11.4 -12.31,-3.27 -32.67,-6.16 -45.96,-6.14zm189.29 78.12l25.55 -35.82 25.6 35.8 -51.15 0.02zm-82.82 47.31l47.96 0.1 18.11 -24.56 85.17 -0.01 18.21 24.49 48.33 0.08 -90.9 -125.29 -37.02 -0.03 -89.86 125.22zm-609.9 -9.27l-0.35 -37.42c-0.03,-0.07 -0.08,-0.22 -0.15,-0.31l-89.59 -40.15 -0.01 40.71 90.1 37.17z"/>
  <path class="fil1" d="M297.76 237.87l65.45 -0.15 0 -177.79 -65.53 27.5 0.08 150.44zm-113.81 -99.78l0.15 0.31 0.35 37.42 90.06 -37.47 0.13 -40.5 -90.69 40.24z"/>
  <path class="fil2" d="M388.57 237.8l0 -27.59 20.43 0 0 4.66 -14.84 0 0 6.13 13.8 0 0 4.66 -13.8 0 0 7.47 15.38 0 0 4.67 -20.97 0zm25.71 0l0 -27.59 5.41 0 11.35 18.49 0 -18.49 5.17 0 0 27.59 -5.59 0 -11.18 -18.14 0 18.14 -5.16 0zm40.66 -10.14l0 -4.66 11.99 0 0 11.01c-1.17,1.13 -2.86,2.13 -5.07,3 -2.21,0.86 -4.45,1.29 -6.73,1.29 -2.88,0 -5.39,-0.61 -7.54,-1.82 -2.14,-1.21 -3.75,-2.95 -4.83,-5.21 -1.08,-2.25 -1.62,-4.71 -1.62,-7.37 0,-2.87 0.61,-5.43 1.81,-7.67 1.21,-2.24 2.97,-3.96 5.28,-5.15 1.78,-0.92 3.97,-1.38 6.61,-1.38 3.42,0 6.1,0.72 8.03,2.16 1.92,1.45 3.16,3.43 3.71,5.98l-5.55 1.04c-0.39,-1.36 -1.12,-2.43 -2.19,-3.22 -1.07,-0.79 -2.4,-1.18 -4.01,-1.18 -2.43,0 -4.36,0.77 -5.79,2.32 -1.43,1.55 -2.15,3.84 -2.15,6.88 0,3.28 0.72,5.74 2.17,7.38 1.46,1.64 3.36,2.46 5.72,2.46 1.16,0 2.33,-0.23 3.5,-0.69 1.18,-0.45 2.18,-1.01 3.02,-1.67l0 -3.5 -6.36 0zm16.95 10.14l0 -27.59 5.59 0 0 27.59 -5.59 0zm10.9 0l0 -27.59 5.41 0 11.35 18.49 0 -18.49 5.17 0 0 27.59 -5.58 0 -11.18 -18.14 0 18.14 -5.17 0zm27.83 0l0 -27.59 20.42 0 0 4.66 -14.83 0 0 6.13 13.79 0 0 4.66 -13.79 0 0 7.47 15.37 0 0 4.67 -20.96 0zm25.71 0l0 -27.59 20.42 0 0 4.66 -14.84 0 0 6.13 13.8 0 0 4.66 -13.8 0 0 7.47 15.38 0 0 4.67 -20.96 0zm25.7 0l0 -27.59 11.73 0c2.95,0 5.1,0.25 6.43,0.74 1.35,0.49 2.41,1.37 3.22,2.64 0.8,1.27 1.2,2.72 1.2,4.35 0,2.07 -0.6,3.78 -1.81,5.13 -1.22,1.35 -3.03,2.2 -5.44,2.55 1.2,0.7 2.19,1.47 2.96,2.31 0.79,0.84 1.84,2.34 3.16,4.48l3.37 5.39 -6.66 0 -4 -6.03c-1.43,-2.14 -2.41,-3.48 -2.95,-4.04 -0.52,-0.56 -1.08,-0.94 -1.67,-1.15 -0.6,-0.2 -1.54,-0.31 -2.82,-0.31l-1.13 0 0 11.53 -5.59 0zm5.59 -15.92l4.12 0c2.67,0 4.34,-0.11 5,-0.34 0.67,-0.22 1.19,-0.62 1.57,-1.17 0.38,-0.55 0.56,-1.24 0.56,-2.07 0,-0.93 -0.25,-1.68 -0.74,-2.26 -0.5,-0.57 -1.2,-0.93 -2.1,-1.08 -0.45,-0.06 -1.81,-0.09 -4.06,-0.09l-4.35 0 0 7.01zm22.05 15.92l0 -27.59 5.58 0 0 27.59 -5.58 0zm10.9 0l0 -27.59 5.4 0 11.36 18.49 0 -18.49 5.16 0 0 27.59 -5.58 0 -11.18 -18.14 0 18.14 -5.16 0zm40.66 -10.14l0 -4.66 11.98 0 0 11.01c-1.16,1.13 -2.85,2.13 -5.06,3 -2.21,0.86 -4.45,1.29 -6.73,1.29 -2.88,0 -5.39,-0.61 -7.54,-1.82 -2.14,-1.21 -3.75,-2.95 -4.83,-5.21 -1.08,-2.25 -1.62,-4.71 -1.62,-7.37 0,-2.87 0.61,-5.43 1.81,-7.67 1.21,-2.24 2.96,-3.96 5.28,-5.15 1.78,-0.92 3.97,-1.38 6.61,-1.38 3.42,0 6.1,0.72 8.02,2.16 1.93,1.45 3.17,3.43 3.72,5.98l-5.55 1.04c-0.39,-1.36 -1.12,-2.43 -2.19,-3.22 -1.07,-0.79 -2.4,-1.18 -4.01,-1.18 -2.43,0 -4.36,0.77 -5.79,2.32 -1.44,1.55 -2.16,3.84 -2.16,6.88 0,3.28 0.73,5.74 2.18,7.38 1.46,1.64 3.36,2.46 5.72,2.46 1.16,0 2.33,-0.23 3.5,-0.69 1.17,-0.45 2.18,-1.01 3.02,-1.67l0 -3.5 -6.36 0zm52.24 6.79l-3.2 4.08c-1.57,-0.76 -3.08,-1.82 -4.52,-3.16 -1.11,1 -2.3,1.74 -3.56,2.22 -1.25,0.47 -2.74,0.71 -4.47,0.71 -3.43,0 -6.01,-0.97 -7.75,-2.91 -1.34,-1.48 -2.01,-3.21 -2.01,-5.15 0,-1.78 0.53,-3.37 1.59,-4.78 1.05,-1.41 2.63,-2.64 4.73,-3.68 -0.94,-1.12 -1.66,-2.18 -2.13,-3.2 -0.48,-1.02 -0.72,-1.97 -0.72,-2.88 0,-1.67 0.67,-3.09 2,-4.25 1.33,-1.16 3.24,-1.75 5.71,-1.75 2.37,0 4.24,0.61 5.58,1.83 1.34,1.22 2.01,2.7 2.01,4.46 0,1.12 -0.33,2.18 -0.99,3.18 -0.66,1 -1.99,2.14 -3.99,3.41l3.79 5.1c0.45,-0.8 0.84,-1.84 1.16,-3.13l4.79 1.08c-0.47,1.69 -0.89,2.94 -1.24,3.72 -0.35,0.78 -0.73,1.45 -1.13,1.97 0.59,0.55 1.35,1.16 2.29,1.82 0.94,0.66 1.63,1.1 2.06,1.31zm-14.39 -15.03l1.42 -1.1c1.05,-0.81 1.57,-1.62 1.57,-2.42 0,-0.69 -0.25,-1.26 -0.76,-1.74 -0.5,-0.48 -1.18,-0.72 -2.04,-0.72 -0.84,0 -1.49,0.21 -1.97,0.63 -0.47,0.43 -0.71,0.91 -0.71,1.47 0,0.65 0.4,1.44 1.2,2.37l1.29 1.51zm-2.07 5.76c-1.21,0.61 -2.11,1.36 -2.72,2.23 -0.59,0.86 -0.89,1.75 -0.89,2.65 0,1.14 0.37,2.08 1.11,2.8 0.74,0.72 1.74,1.08 2.99,1.08 0.82,0 1.62,-0.16 2.38,-0.48 0.76,-0.33 1.59,-0.87 2.49,-1.63l-5.36 -6.65zm48.26 2.44l5.39 1.66c-0.83,3.04 -2.21,5.29 -4.14,6.77 -1.92,1.47 -4.36,2.21 -7.32,2.21 -3.67,0 -6.68,-1.25 -9.05,-3.76 -2.35,-2.5 -3.54,-5.93 -3.54,-10.27 0,-4.6 1.19,-8.17 3.56,-10.71 2.37,-2.54 5.49,-3.82 9.36,-3.82 3.38,0 6.12,1.01 8.23,3 1.26,1.19 2.19,2.88 2.82,5.1l-5.51 1.31c-0.32,-1.43 -1,-2.56 -2.04,-3.39 -1.04,-0.83 -2.3,-1.24 -3.78,-1.24 -2.04,0 -3.71,0.73 -4.98,2.2 -1.28,1.47 -1.91,3.85 -1.91,7.13 0,3.49 0.63,5.97 1.88,7.45 1.26,1.48 2.89,2.22 4.9,2.22 1.48,0 2.76,-0.47 3.83,-1.41 1.06,-0.95 1.83,-2.42 2.3,-4.45zm9.02 -3.45c0,-2.81 0.42,-5.18 1.26,-7.09 0.63,-1.41 1.49,-2.67 2.57,-3.79 1.09,-1.12 2.28,-1.95 3.57,-2.49 1.72,-0.73 3.7,-1.1 5.95,-1.1 4.07,0 7.32,1.27 9.77,3.79 2.44,2.53 3.66,6.05 3.66,10.55 0,4.46 -1.21,7.96 -3.63,10.47 -2.42,2.53 -5.67,3.79 -9.72,3.79 -4.11,0 -7.37,-1.25 -9.79,-3.77 -2.43,-2.5 -3.64,-5.96 -3.64,-10.36zm5.74 -0.19c0,3.13 0.73,5.5 2.17,7.12 1.45,1.61 3.28,2.42 5.51,2.42 2.23,0 4.05,-0.8 5.48,-2.4 1.43,-1.61 2.14,-4.01 2.14,-7.22 0,-3.16 -0.69,-5.53 -2.09,-7.08 -1.38,-1.56 -3.23,-2.34 -5.53,-2.34 -2.3,0 -4.16,0.79 -5.57,2.37 -1.4,1.58 -2.11,3.95 -2.11,7.13zm25.39 13.82l0 -27.59 5.41 0 11.35 18.49 0 -18.49 5.17 0 0 27.59 -5.58 0 -11.18 -18.14 0 18.14 -5.17 0zm26.37 -8.94l5.43 -0.54c0.33,1.81 0.98,3.14 1.98,4 0.99,0.85 2.34,1.28 4.02,1.28 1.79,0 3.14,-0.38 4.05,-1.14 0.9,-0.76 1.36,-1.64 1.36,-2.66 0,-0.65 -0.2,-1.21 -0.57,-1.67 -0.38,-0.46 -1.05,-0.85 -2,-1.19 -0.65,-0.23 -2.13,-0.63 -4.44,-1.2 -2.97,-0.75 -5.06,-1.66 -6.26,-2.75 -1.69,-1.52 -2.53,-3.38 -2.53,-5.57 0,-1.4 0.4,-2.73 1.19,-3.95 0.79,-1.23 1.93,-2.16 3.43,-2.8 1.5,-0.64 3.3,-0.97 5.42,-0.97 3.44,0 6.05,0.77 7.79,2.3 1.74,1.54 2.66,3.58 2.75,6.14l-5.59 0.2c-0.24,-1.43 -0.75,-2.45 -1.52,-3.07 -0.78,-0.63 -1.95,-0.94 -3.51,-0.94 -1.6,0 -2.86,0.33 -3.77,1 -0.58,0.43 -0.88,1 -0.88,1.72 0,0.66 0.28,1.22 0.83,1.68 0.7,0.59 2.41,1.21 5.11,1.85 2.7,0.64 4.7,1.31 5.99,1.99 1.3,0.69 2.31,1.62 3.05,2.81 0.73,1.18 1.09,2.65 1.09,4.39 0,1.58 -0.43,3.06 -1.31,4.44 -0.88,1.38 -2.12,2.41 -3.73,3.08 -1.6,0.67 -3.61,1.01 -6,1.01 -3.49,0 -6.17,-0.81 -8.04,-2.42 -1.87,-1.6 -2.98,-3.95 -3.34,-7.02zm33.37 8.94l0 -22.93 -8.17 0 0 -4.66 21.89 0 0 4.66 -8.13 0 0 22.93 -5.59 0zm17.34 0l0 -27.59 11.73 0c2.95,0 5.09,0.25 6.43,0.74 1.34,0.49 2.41,1.37 3.21,2.64 0.8,1.27 1.21,2.72 1.21,4.35 0,2.07 -0.61,3.78 -1.82,5.13 -1.21,1.35 -3.02,2.2 -5.44,2.55 1.2,0.7 2.19,1.47 2.97,2.31 0.78,0.84 1.83,2.34 3.16,4.48l3.36 5.39 -6.66 0 -3.99 -6.03c-1.44,-2.14 -2.42,-3.48 -2.95,-4.04 -0.53,-0.56 -1.09,-0.94 -1.68,-1.15 -0.59,-0.2 -1.53,-0.31 -2.82,-0.31l-1.13 0 0 11.53 -5.58 0zm5.58 -15.92l4.13 0c2.67,0 4.33,-0.11 5,-0.34 0.66,-0.22 1.19,-0.62 1.56,-1.17 0.38,-0.55 0.56,-1.24 0.56,-2.07 0,-0.93 -0.25,-1.68 -0.74,-2.26 -0.49,-0.57 -1.19,-0.93 -2.09,-1.08 -0.46,-0.06 -1.82,-0.09 -4.07,-0.09l-4.35 0 0 7.01zm22.24 -11.67l5.59 0 0 14.95c0,2.37 0.07,3.91 0.21,4.61 0.24,1.13 0.79,2.04 1.68,2.72 0.89,0.69 2.11,1.03 3.65,1.03 1.56,0 2.74,-0.32 3.54,-0.97 0.79,-0.65 1.27,-1.44 1.43,-2.38 0.16,-0.95 0.24,-2.51 0.24,-4.69l0 -15.27 5.59 0 0 14.5c0,3.32 -0.15,5.66 -0.45,7.03 -0.3,1.37 -0.85,2.52 -1.66,3.47 -0.8,0.94 -1.88,1.69 -3.23,2.25 -1.36,0.56 -3.12,0.84 -5.29,0.84 -2.63,0 -4.62,-0.3 -5.98,-0.91 -1.35,-0.61 -2.43,-1.4 -3.22,-2.38 -0.79,-0.98 -1.3,-1.99 -1.55,-3.06 -0.37,-1.58 -0.55,-3.92 -0.55,-7.01l0 -14.73zm45.48 17.41l5.4 1.66c-0.83,3.04 -2.21,5.29 -4.14,6.77 -1.92,1.47 -4.36,2.21 -7.33,2.21 -3.66,0 -6.68,-1.25 -9.04,-3.76 -2.36,-2.5 -3.54,-5.93 -3.54,-10.27 0,-4.6 1.19,-8.17 3.56,-10.71 2.37,-2.54 5.49,-3.82 9.36,-3.82 3.38,0 6.12,1.01 8.23,3 1.25,1.19 2.19,2.88 2.82,5.1l-5.51 1.31c-0.33,-1.43 -1.01,-2.56 -2.04,-3.39 -1.04,-0.83 -2.3,-1.24 -3.78,-1.24 -2.05,0 -3.71,0.73 -4.98,2.2 -1.28,1.47 -1.92,3.85 -1.92,7.13 0,3.49 0.63,5.97 1.89,7.45 1.25,1.48 2.89,2.22 4.9,2.22 1.48,0 2.76,-0.47 3.82,-1.41 1.07,-0.95 1.84,-2.42 2.3,-4.45zm16.39 10.18l0 -22.93 -8.17 0 0 -4.66 21.89 0 0 4.66 -8.13 0 0 22.93 -5.59 0zm17.14 0l0 -27.59 5.59 0 0 27.59 -5.59 0zm9.74 -13.63c0,-2.81 0.43,-5.18 1.27,-7.09 0.62,-1.41 1.48,-2.67 2.57,-3.79 1.08,-1.12 2.27,-1.95 3.56,-2.49 1.72,-0.73 3.71,-1.1 5.96,-1.1 4.07,0 7.32,1.27 9.77,3.79 2.44,2.53 3.66,6.05 3.66,10.55 0,4.46 -1.22,7.96 -3.64,10.47 -2.42,2.53 -5.66,3.79 -9.72,3.79 -4.1,0 -7.37,-1.25 -9.79,-3.77 -2.42,-2.5 -3.64,-5.96 -3.64,-10.36zm5.75 -0.19c0,3.13 0.72,5.5 2.17,7.12 1.44,1.61 3.28,2.42 5.5,2.42 2.23,0 4.05,-0.8 5.49,-2.4 1.42,-1.61 2.14,-4.01 2.14,-7.22 0,-3.16 -0.7,-5.53 -2.09,-7.08 -1.39,-1.56 -3.23,-2.34 -5.54,-2.34 -2.3,0 -4.15,0.79 -5.56,2.37 -1.41,1.58 -2.11,3.95 -2.11,7.13zm25.39 13.82l0 -27.59 5.4 0 11.36 18.49 0 -18.49 5.16 0 0 27.59 -5.58 0 -11.18 -18.14 0 18.14 -5.16 0z"/>
 </g>
</svg>
